10 5
20 7
30 9
40 11
50 10
60 11
70 11
80 13
90 12
100 11
110 12
120 12
130 12
140 12
150 12
160 12
170 11
180 12
190 12
200 14
210 13
220 13
230 13
240 13
250 15
260 22
270 14
280 12
290 12
300 12
310 14
320 13
330 14
340 13
350 12
360 14
370 12
380 14
390 14
400 14
410 14
420 13
430 15
440 14
450 14
460 13
470 15
480 14
490 16
500 14
510 14
520 14
530 14
540 14
550 15
560 14
570 15
580 15
590 15
600 18
610 16
620 15
630 15
640 14
650 14
660 14
670 15
680 14
690 15
700 15
710 15
720 24
730 16
740 15
750 15
760 16
770 17
780 16
790 17
800 17
810 16
820 14
830 14
840 14
850 16
860 15
870 14
880 14
890 16
900 15
910 14
920 14
930 17
940 15
950 15
960 15
970 17
980 15
990 15
1000 14
