2 2000
4 3000
6 3001
8 4000
10 4000
12 4197
14 4803
16 5000
18 5000
20 5020
22 5232
24 5534
26 5820
28 5962
30 5999
32 6000
34 6002
36 6026
38 6129
40 6259
42 6444
44 6605
46 6744
48 6872
50 6955
52 6979
54 6994
56 6997
58 7000
60 7000
62 7009
64 7036
66 7071
68 7128
70 7180
72 7281
74 7352
76 7442
78 7564
80 7670
82 7761
84 7818
86 7883
88 7910
90 7960
92 7972
94 7988
96 7996
98 7998
100 8001
102 8000
104 8002
106 8004
108 8006
110 8014
112 8033
114 8036
116 8044
118 8082
120 8106
122 8150
124 8149
126 8211
128 8277
130 8297
132 8376
134 8426
136 8462
138 8532
140 8595
142 8633
144 8681
146 8737
148 8779
150 8814
152 8863
154 8874
156 8897
158 8929
160 8943
162 8948
164 8966
166 8978
168 8990
170 8992
172 8993
174 8997
176 8998
178 8998
180 8998
182 9000
184 9000
186 9002
188 9004
190 9000
192 9009
194 9007
196 9015
198 9017
200 9032
